4 0.5544488711819389 0.07334963325183375 0.5157104913678618 0.02444987775061125
7 0.17264276228419656 0.07538712306438468 0.05754316069057105 0.025810920945395274
0 0.5422709163346613 0.4713365933170334 0.7879681274900399 0.747082314588427
3 0.509070385126162 0.876120619396903 0.650730411686587 0.02988590057049715
1 0.9340371845949536 0.8958190709046455 0.07082337317397078 0.025810920945395274
8 0.11730411686586985 0.1466992665036675 0.06197875166002656 0.02444987775061125
8 0.12062416998671978 0.2512876935615322 0.05090305444887118 0.02444987775061125
8 0.12284196547144755 0.356560717196414 0.05976095617529881 0.020374898125509373
8 0.12062416998671978 0.4597962510187449 0.05090305444887118 0.02308883455582722
8 0.12062416998671978 0.5609861450692747 0.05090305444887118 0.027163814180929093
8 0.1250597609561753 0.6669356153219235 0.04648074369189907 0.02444987775061125
8 0.12394422310756972 0.7701711491442543 0.04426294820717131 0.02988590057049715