4 0.49001629991850043 0.018337408312958436 0.3402607986960065 0.03667481662591687
7 0.876120619396903 0.02567237163814181 0.04482477587612062 0.034229828850855744
0 0.44621026894865523 0.06662591687041565 0.7416462917685411 0.05256723716381418
3 0.4360228198859006 0.132640586797066 0.5215973920130399 0.0550122249388753
3 0.44315403422982885 0.19682151589242053 0.7518337408312958 0.05623471882640587
3 0.4400977995110024 0.2787286063569682 0.7497962510187449 0.10268948655256724
3 0.4400977995110024 0.36735941320293397 0.7457212713936431 0.07212713936430318
3 0.44111654441727793 0.44926650366748166 0.7396088019559902 0.09168704156479218
3 0.4421352893235534 0.6723716381418093 0.7416462917685411 0.3545232273838631
12 0.4441727791361043 0.8698044009779952 0.7416462917685411 0.037897310513447434
1 0.778321108394458 0.8985330073349633 0.07742461287693561 0.019559902200488997
6 0.10798696006519967 0.18887530562347188 0.07742461287693561 0.042787286063569685
8 0.8842705786471068 0.0617359413202934 0.11817440912795436 0.042787286063569685
8 0.8486145069274653 0.19743276283618583 0.0550122249388753 0.02078239608801956
8 0.8801955990220048 0.2616136919315403 0.1263243683781581 0.03178484107579462
8 0.8700081499592502 0.35574572127139364 0.1100244498777506 0.02689486552567237
8 0.8669519152404238 0.4407090464547677 0.10798696006519967 0.030562347188264057
8 0.8771393643031785 0.6308068459657702 0.12428687856560718 0.02444987775061125
8 0.8618581907090465 0.7169926650366748 0.10187449062754686 0.018337408312958436
8 0.8710268948655256 0.7713936430317848 0.11206193969030155 0.029339853300733496
8 0.8771393643031785 0.8643031784841075 0.13243683781581092 0.022004889975550123