7 0.09891402714932127 0.06588755527479469 0.06149321266968326 0.02010739102969046
4 0.5621266968325792 0.0633291219204043 0.41343891402714933 0.02412507896399242
3 0.5656787330316743 0.11684775742261529 0.32417420814479636 0.023550221099178776
3 0.5631221719457014 0.1517435249526216 0.2172737556561086 0.026336070751737207
3 0.568054298642534 0.24097915350600127 0.7525226244343891 0.11445356917245736
3 0.5694909502262443 0.33197094125078963 0.33907239819004525 0.025369551484523054
3 0.5738574660633484 0.37044851547694246 0.3532692307692308 0.026184459886291853
3 0.5700678733031674 0.4753379658875553 0.7547171945701358 0.15982943777637396
12 0.5718891402714932 0.6974731522425773 0.7547285067873303 0.2782122552116235
2 0.5750226244343891 0.8637018319646241 0.7482805429864253 0.03200884396715098
1 0.905633484162896 0.8894883133291219 0.08613122171945702 0.01907138344914719
8 0.12469457013574661 0.21614024005053695 0.11748868778280543 0.06182564750473784
8 0.12972850678733033 0.43433354390397977 0.11979638009049774 0.031339229311433986
6 0.2252601809954751 0.20628553379658876 0.05868778280542987 0.04345546430827543
6 0.21552036199095023 0.41847125710675936 0.03920814479638009 0.04402400505369551