13 0.7461244377811095 0.7872127542605828 0.3978035982008995 0.20297416162726772
4 0.5612218890554722 0.05848818031885652 0.527736131934033 0.035607476635514015
8 0.10894302848575713 0.09807586586036283 0.11294602698650674 0.041484332050577236
0 0.5502248875562219 0.24141836173721826 0.7656146926536732 0.3355030236393623
3 0.5512218890554723 0.4635349092908191 0.767616191904048 0.10537658053875756
3 0.5552248875562219 0.5373886750962067 0.7156446776611693 0.03684442001099505
3 0.5622188905547226 0.6178559648158329 0.7696176911544228 0.12814183617372182
12 0.3613193403298351 0.7873666849917538 0.3678185907046477 0.21427707531610773
12 0.5624662668665668 0.9053820780648708 0.765119940029985 0.025167674546454095
1 0.9250374812593704 0.9270093457943925 0.035982008995502246 0.017113798790544255
7 0.19490254872563717 0.06159978009895547 0.06497001499250375 0.023512919186366138