4 0.5955528846153846 0.06972914409534128 0.6322115384615384 0.019555796316359696
12 0.5591947115384616 0.12466955579631635 0.7097355769230769 0.0860996749729144
12 0.5574939903846153 0.4060021668472373 0.7127403846153846 0.019422174070061395
12 0.6540444711538461 0.5297724810400867 0.5252403846153846 0.03823401950162514
8 0.15985576923076922 0.09500180570603106 0.08733774038461539 0.030617551462621885
8 0.2966766826923077 0.19300469483568072 0.18870192307692307 0.04846514987360057
8 0.29867788461538464 0.2681328999638859 0.1846935096153846 0.03500180570603106
8 0.2956730769230769 0.5292596605272661 0.190703125 0.034803178042614666
8 0.29647235576923076 0.6968544600938967 0.19230769230769232 0.03292885518237631
8 0.3004807692307692 0.8470747562296859 0.184296875 0.03482845792704947
12 0.5536838942307692 0.7857999277717588 0.7163461538461539 0.08466594438425425
1 0.8966346153846154 0.8719971108703503 0.04647235576923077 0.019664138678223187
7 0.14753004807692308 0.07307331166486096 0.044723557692307694 0.013087757313109426
12 0.6526442307692307 0.19176598049837487 0.5216346153846154 0.048392921632358255
12 0.5576923076923077 0.2325749368002889 0.7115384615384616 0.03178042614662333
12 0.6520432692307693 0.26543878656554715 0.5204326923076923 0.031058143734200072
0 0.5588942307692307 0.3398338750451427 0.7091346153846154 0.11339833875045142
12 0.6544471153846154 0.4326471650415312 0.5180288461538461 0.03178042614662333
0 0.5588942307692307 0.48284579270494765 0.7139423076923077 0.06717226435536294
8 0.29507211538461536 0.4326471650415312 0.19110576923076922 0.030335861321776816
12 0.5588942307692307 0.6139400505597689 0.71875 0.13001083423618634
12 0.6550480769230769 0.6959191043698086 0.5264423076923077 0.033947273383893105
0 0.5570913461538461 0.7291440953412784 0.7151442307692307 0.028169014084507043
12 0.65625 0.8454315637414229 0.5192307692307693 0.033947273383893105