4 0.46844653179190754 0.071396697902722 0.7586705202312138 0.02677376171352075
3 0.45038294797687867 0.523574297188755 0.17341040462427745 0.029750111557340475
3 0.45038294797687867 0.5667112896028559 0.6165679190751445 0.050571173583221773
8 0.09754335260115607 0.12122713074520304 0.06502890173410404 0.04610887996430165
8 0.8140679190751445 0.12940651494868363 0.09633670520231215 0.06544846050870147
8 0.8140679190751445 0.25881302989736726 0.09152456647398845 0.029750111557340475
8 0.8092485549132948 0.30715305667112897 0.08188583815028902 0.02825970548862115
0 0.4461705202312139 0.16956715751896476 0.6177745664739884 0.1494868362338242
3 0.44888005780346824 0.35698348951361 0.6195809248554913 0.22757697456492637
6 0.17521676300578035 0.6202588130298974 0.054190751445086706 0.035698348951361
12 0.4552023121387283 0.7262382864792504 0.6213872832369942 0.24765729585006693
1 0.7216401734104047 0.855644801427934 0.08489884393063583 0.015618027666220438