4 0.458248322147651 0.0834320735444331 0.3459328859060403 0.021537282941777324
7 0.7726912751677852 0.08638917262512769 0.02704026845637584 0.018478038815117465
0 0.4488657718120805 0.19845760980592442 0.693771812080537 0.20314606741573032
3 0.4510536912751678 0.32427477017364653 0.6911275167785235 0.0506435137895812
3 0.4516845637583893 0.39148621041879467 0.6909731543624161 0.08366189989785495
13 0.45059060402684564 0.4749284984678243 0.6831275167785235 0.018881511746680284
3 0.4549261744966443 0.5190960163432073 0.1976241610738255 0.019938712972420836
3 0.45931543624161075 0.5515883554647599 0.40605369127516777 0.023508682328907047
3 0.4544026845637584 0.6539376915219612 0.690751677852349 0.15277834525025535
2 0.28039597315436243 0.8283299284984678 0.3413221476510067 0.11904494382022472
2 0.6322147651006711 0.819050051072523 0.33981208053691275 0.1058682328907048
1 0.7722953020134229 0.8923186925434117 0.06349664429530201 0.01751276813074566