4 0.5395037037037037 0.0707778274474743 0.8074074074074075 0.031291908806437195
8 0.9197555555555557 0.12144389807778275 0.06172592592592593 0.052154671434957535
8 0.9246888888888888 0.5260035762181493 0.06666666666666667 0.05364327223960662
8 0.9296296296296296 0.8053956191327671 0.06172592592592593 0.025333035315154226
8 0.1925925925925926 0.8277469825659366 0.09382962962962964 0.04917299955297273
8 0.17777777777777778 0.1743406347787215 0.09876296296296297 0.035762181493071074
7 0.17777777777777778 0.1035628073312472 0.044444444444444446 0.01936969155118462
0 0.5666666666666667 0.2093562807331247 0.6444444444444445 0.22798390701832813
3 0.5679037037037037 0.36060348681269555 0.6370370370370371 0.07748323647742512
3 0.5716074074074073 0.5081224854716138 0.6444444444444445 0.21457308895842647
3 0.572837037037037 0.7279079123826553 0.6419777777777778 0.22798390701832813
1 0.8469111111111111 0.8463701385784532 0.09876296296296297 0.02980330800178811