7 0.6357821901323707 0.09873060648801128 0.04412154031287605 0.021941701927597555
8 0.5836341756919374 0.17787023977433003 0.18852587244283994 0.1049976492712741
4 0.31989771359807456 0.09716502115655852 0.37906137184115524 0.021941701927597555
1 0.5505415162454874 0.8047343676539728 0.08623947051744886 0.017240244475787495
9 0.351985559566787 0.8053596614950634 0.06377858002406739 0.017865538316878232
12 0.2527075812274368 0.1772449459332393 0.43561973525872444 0.1231781852374236
0 0.3200962695547533 0.25811001410437234 0.5655836341756919 0.034790785143394454
3 0.3164861612515042 0.3464974141984015 0.5655836341756919 0.14198401504466385
3 0.31708784596871237 0.46403385049365303 0.5619735258724429 0.08744710860366714
3 0.315884476534296 0.6252938410907382 0.5667870036101083 0.231311706629055
12 0.3140794223826715 0.769628584861307 0.5607701564380265 0.0535966149506347