4 0.39529675251959684 0.06096752816434725 0.5083986562150056 0.03180914512922465
7 0.7973124300111982 0.06560636182902585 0.0761478163493841 0.027833001988071572
0 0.3896976483762598 0.1756129887342611 0.6987681970884658 0.17362491716368456
8 0.7838745800671892 0.14380384360503645 0.09854423292273236 0.02253147779986746
3 0.38633818589025753 0.2988734261100066 0.7010078387458006 0.07554671968190854
3 0.387458006718925 0.41020543406229293 0.6987681970884658 0.14976805831676607
3 0.3885778275475924 0.5937707090788602 0.696528555431131 0.2253147779986746
3 0.393057110862262 0.8157720344599072 0.7054871220604704 0.17362491716368456
9 0.39529675251959684 0.9111994698475812 0.0335946248600224 0.027833001988071572
1 0.7088465845464725 0.9105367793240556 0.06942889137737962 0.02385685884691849
8 0.7950727883538634 0.7455268389662028 0.09854423292273236 0.017229953611663355
8 0.8029115341545353 0.5222001325381047 0.12318029115341546 0.0291583830351226
8 0.7827547592385219 0.6308813783962889 0.08286674132138858 0.02385685884691849