4 0.45850622406639 0.07362784471218206 0.3153526970954357 0.03480589022757698
7 0.8900414937759336 0.07630522088353414 0.07053941908713693 0.03480589022757698
8 0.8931535269709544 0.24364123159303883 0.12655601659751037 0.28647925033467203
0 0.44813278008298757 0.285140562248996 0.7344398340248963 0.3748326639892905
3 0.45228215767634855 0.5287817938420348 0.7302904564315352 0.107095046854083
3 0.45435684647302904 0.6606425702811245 0.7302904564315352 0.1539491298527443
3 0.4553941908713693 0.7603748326639893 0.7240663900414938 0.040160642570281124
3 0.45435684647302904 0.8045515394912985 0.7219917012448133 0.0428380187416332
12 0.45954356846473027 0.8821954484605087 0.7282157676348547 0.10977242302543508
9 0.4263485477178423 0.9431057563587684 0.06016597510373444 0.022757697456492636
1 0.7603734439834025 0.9491298527443106 0.12240663900414937 0.02677376171352075