4 0.5647786998616874 0.05780070237050043 0.24896265560165975 0.030728709394205442
1 0.12793914246196403 0.06584723441615452 0.05762793914246196 0.029266900790166812
0 0.5520954356846474 0.11779192273924495 0.7307538035961273 0.06291922739244953
3 0.5520954356846474 0.1997366110623354 0.7307538035961273 0.0980377524143986
3 0.549792531120332 0.28021510096575947 0.7307538035961273 0.06291922739244953
3 0.5486376210235132 0.35411325724319576 0.7330567081604425 0.0848683055311677
3 0.5509474412171508 0.4938542581211589 0.7330567081604425 0.16827480245829673
3 0.5532503457814661 0.6518876207199298 0.7330567081604425 0.13023266022827043
3 0.5567081604426003 0.7396839332748024 0.7353596127247579 0.051215978928884985
12 0.5590110650069157 0.8486962247585601 0.7353596127247579 0.16096136962247587
1 0.8886583679114799 0.9372256365232661 0.08068464730290456 0.01902107111501317
6 0.21208160442600277 0.4272739244951712 0.05071230982019364 0.03511852502194908
8 0.11986860304287691 0.16096136962247587 0.046106500691562934 0.02633889376646181
8 0.12217842323651451 0.2633889376646181 0.046106500691562934 0.01755926251097454
8 0.12332641770401108 0.32850307287093944 0.05302213001383126 0.02487708516242318
8 0.11872060857538035 0.4543459174714662 0.0945159059474412 0.07462686567164178
8 0.12332641770401108 0.6072563652326602 0.05302213001383126 0.02633889376646181
8 0.1313969571230982 0.7396839332748024 0.05071230982019364 0.02487708516242318
8 0.13946749654218532 0.7879719051799824 0.05302213001383126 0.021949078138718173