4 0.4171974522292994 0.0421455938697318 0.44798301486199577 0.04342273307790549
7 0.8184713375796179 0.04342273307790549 0.05307855626326964 0.03065134099616858
0 0.410828025477707 0.09450830140485313 0.7239915074309978 0.05874840357598978
3 0.40976645435244163 0.36717752234993617 0.7261146496815286 0.48659003831417624
12 0.4118895966029724 0.7318007662835249 0.7303609341825902 0.24265644955300128
1 0.7346072186836518 0.8671775223499362 0.08492569002123142 0.02554278416347382
8 0.8174097664543525 0.13856960408684546 0.08917197452229299 0.02681992337164751
8 0.8099787685774947 0.30779054916985954 0.07006369426751592 0.035759897828863345
8 0.8280254777070064 0.3818646232439336 0.11040339702760085 0.02554278416347382
8 0.8174097664543525 0.49744572158365263 0.08917197452229299 0.034482758620689655
8 0.8290870488322718 0.6819923371647509 0.1040339702760085 0.02554278416347382