4 0.4357298474945534 0.061635220125786164 0.3224400871459695 0.03018867924528302
7 0.8485838779956427 0.06352201257861635 0.06318082788671024 0.018867924528301886
0 0.43899782135076254 0.09559748427672957 0.7167755991285403 0.027672955974842768
3 0.43790849673202614 0.13584905660377358 0.7233115468409586 0.052830188679245285
8 0.8469498910675382 0.16666666666666666 0.10348583877995643 0.025157232704402517
3 0.4391285403050109 0.23074213836477986 0.7175925925925926 0.14544025157232704
3 0.4432244008714597 0.4154905660377358 0.7203159041394336 0.2240566037735849
3 0.4432244008714597 0.5841194968553459 0.7203159041394336 0.11635220125786164
3 0.4473093681917211 0.721308176100629 0.7203159041394336 0.1580188679245283
12 0.4500326797385621 0.8404088050314465 0.7203159041394336 0.08018867924528301
1 0.7863616557734204 0.8875786163522013 0.05310457516339869 0.015723270440251572
9 0.4466230936819172 0.8875786163522013 0.049019607843137254 0.014150943396226415