4 0.5165060240963856 0.0682612055641422 0.5466265060240963 0.030911901081916538
7 0.14167336010709505 0.07019319938176198 0.05578313253012048 0.02447449768160742
0 0.5220883534136547 0.10690108191653788 0.8121419009370816 0.04636785162287481
3 0.5243239625167336 0.15906491499227204 0.8121419009370816 0.06311437403400309
3 0.5243239625167336 0.22346986089644513 0.8165997322623829 0.0682612055641422
3 0.5231994645247657 0.3091190108191654 0.8232931726907631 0.10303709428129831
3 0.5243239625167336 0.39605873261205565 0.8210575635876841 0.0682612055641422
3 0.5187416331994645 0.472047913446677 0.814364123159304 0.08371715610510046
3 0.5109370816599732 0.6233925811437403 0.8121419009370816 0.21122874806800618
12 0.5109370816599732 0.8075734157650696 0.8076706827309238 0.15198608964451313
1 0.8812985274431058 0.8919397217928903 0.06247657295850067 0.021893353941267388