13 0.4844042679312389 0.16074178735429176 0.725903971547125 0.15093606499470152
7 0.8909662122110255 0.0864535499823384 0.052720806164789566 0.01955845990815966
3 0.4844279786603438 0.3326315789473684 0.7283461766449318 0.1794242317202402
3 0.48311796087729697 0.4771918050158955 0.72814463544754 0.08588837866478276
6 0.1795850622406639 0.46128223242670435 0.08421458209839952 0.051193924408336276
3 0.4817960877296977 0.5455457435535147 0.7230112625963249 0.049357117626280464
3 0.36058684054534673 0.5775874249381844 0.480592768227623 0.014761568350406217
3 0.4659513930053349 0.5943341575415048 0.6928808535862478 0.017530907806428825
3 0.4797273266152934 0.619286471211586 0.7197510373443984 0.03115506888025433
3 0.48057498518079433 0.6512645708230307 0.7214463544754001 0.03125397386082657
3 0.4817190278601067 0.6842211232779937 0.7237285121517487 0.034146944542564464
3 0.4818909306461174 0.7161179795125397 0.7226674570243036 0.031893323913811375
3 0.4799762892708951 0.7488625927234194 0.7244813278008299 0.03403037795831862
3 0.47941908713692943 0.7920169551395266 0.7233609958506224 0.055083009537265984
3 0.48197391819798463 0.8390144825150123 0.7312981624184944 0.05385022960084775
9 0.4909069353882632 0.8730448604733311 0.1738707765263782 0.017587424938184385
1 0.7936218138707765 0.8687460261391735 0.10248369887374036 0.016686683150830096