0 0.5321084337349398 0.25112216694306244 0.7617243975903615 0.36442233278054176
8 0.09320783132530121 0.08947484798231067 0.11320030120481929 0.031138750690989495
7 0.180730421686747 0.056937534549474846 0.050286144578313256 0.021304588170259812
4 0.5288027108433735 0.05327805417357656 0.5166189759036145 0.02294637921503593
3 0.5311144578313254 0.46806522940851303 0.7571611445783133 0.046296296296296294
3 0.5319954819277108 0.5204367053620785 0.6389307228915663 0.02710889994472084
3 0.5274774096385543 0.5607573244886678 0.5871837349397591 0.0241404090657822
12 0.5293524096385542 0.6111332227750138 0.7597439759036145 0.04725262576008845
13 0.5362123493975904 0.7290491984521835 0.513132530120482 0.16514648977335544
12 0.5321009036144578 0.849314538419016 0.7571084337349397 0.06526257600884466
1 0.8671460843373493 0.8915533443891652 0.0828539156626506 0.017473742399115533