4 0.3479581993569132 0.06729166666666667 0.5305466237942122 0.036231884057971016
7 0.8578295819935692 0.07052536231884057 0.07578778135048232 0.024583333333333336
0 0.49149517684887456 0.11904891304347827 0.8084565916398714 0.06987318840579711
3 0.4892122186495177 0.1805163043478261 0.8038585209003215 0.04788043478260869
3 0.5029903536977492 0.2782065217391304 0.27561093247588425 0.025878623188405798
3 0.49265273311897106 0.33061594202898553 0.3284405144694534 0.029764492753623188
6 0.12287781350482316 0.3927264492753623 0.06660771704180064 0.04528985507246377
3 0.47887459807073957 0.496893115942029 0.8107556270096463 0.2536231884057971
3 0.4754180064308681 0.6463496376811595 0.8038585209003215 0.04788043478260869
3 0.4754180064308681 0.7168749999999999 0.8038585209003215 0.09317028985507246
3 0.4742765273311897 0.7983967391304347 0.8015594855305466 0.06987318840579711
12 0.4731350482315113 0.8553351449275362 0.7992604501607716 0.043994565217391306
9 0.4903536977491961 0.8896195652173913 0.05282958199356913 0.024583333333333336
1 0.8118971061093248 0.8837952898550725 0.11713826366559485 0.018115942028985508