4 0.41430746918056566 0.03180587960802613 0.43049311094996373 0.03226784881007933
7 0.809688179840464 0.03699953336444237 0.04029731689630167 0.025352309846010265
0 0.4176577229876723 0.06754083061129258 0.6572516316171139 0.03454503033131125
3 0.4163234227701233 0.154573028464769 0.6545757795503988 0.1383527764815679
3 0.4209354604786077 0.28362575828278114 0.6570920957215374 0.12188520765282314
3 0.42754169688179844 0.3775268315445637 0.240253807106599 0.026472235184321045
3 0.42703408266860043 0.4322025198320112 0.6675997099347353 0.05389640690620625
3 0.41936910804931105 0.5721511899206719 0.6640246555474982 0.193037797480168
3 0.4203045685279188 0.7320531964535697 0.6642277012327774 0.13773681754549696
12 0.4183031182015954 0.8264022398506766 0.661907179115301 0.052953803079794685
8 0.8040681653372008 0.5185720951936538 0.09477157360406091 0.013271115258982735
8 0.801776649746193 0.5343583761082595 0.09018129079042785 0.01658422771815212
8 0.8102465554749818 0.5749790013999067 0.10640319071791152 0.015352309846010265
8 0.8017331399564902 0.625870275314979 0.08794053662073967 0.014759682687820812
8 0.7800145032632343 0.6736490900606626 0.0445032632342277 0.013023798413439104
8 0.7789847715736041 0.6882081194587027 0.04315445975344452 0.014801679888007466
8 0.8042929659173313 0.710648623425105 0.09233502538071066 0.01521231917872142
8 0.8099709934735316 0.747596826878208 0.1051269035532995 0.018222118525431638
8 0.8075344452501813 0.7844657022865141 0.10701957940536622 0.06277181521231918
8 0.7581943437273386 0.818418105459636 0.012385786802030455 0.009757349510032664
9 0.48419144307469186 0.8597993467102193 0.03603335750543872 0.013112459169388708
1 0.7243074691805657 0.8586747550163323 0.04755620014503263 0.013971068595426971
8 0.7729441624365483 0.10148390107326177 0.04315445975344452 0.013812412505832945
8 0.8041624365482234 0.1286980867942137 0.1075852066715011 0.01516565562295847
8 0.7940246555474982 0.1651096593560429 0.0893183466279913 0.01464302379841344
8 0.8061856417693981 0.20850209986000934 0.10614213197969544 0.029370041997200187
8 0.806178390137781 0.23938404106392908 0.1061276287164612 0.031306579561362576
8 0.7895939086294416 0.26056462902473165 0.07195794053662075 0.013915072328511432
8 0.7957432922407541 0.27545030331311243 0.083248730964467 0.014321045263649091
8 0.8071646120377084 0.31502099860009336 0.1030964467005076 0.01497433504433038