6 0.1386903039073806 0.252548656163114 0.11336468885672937 0.0756858202038925
6 0.12783646888567293 0.6580166821130676 0.06753256150506512 0.03707136237256719
4 0.43536179450072354 0.06487488415199258 0.4462156295224312 0.03707136237256719
7 0.7959479015918958 0.06950880444856349 0.04341534008683068 0.024712696941612603
3 0.40882778581765555 0.13747451343836886 0.4896309696092619 0.0339805375347544
3 0.4148552821997106 0.18226598702502317 0.39556439942112875 0.030894346617238184
3 0.41847322720694646 0.31278962001853566 0.6632923299565846 0.19308155699721966
8 0.7935383502170767 0.2865291936978684 0.08683068017366136 0.05097312326227989
3 0.42209117221418235 0.46107506950880445 0.6705282199710564 0.1034893419833179
3 0.42812590448625176 0.5645644114921223 0.23878437047756873 0.03552826691380908
3 0.42932706222865413 0.6085866543095458 0.3714399421128799 0.03707136237256719
3 0.4232995658465991 0.6657414272474513 0.6632923299565846 0.05869786839666358
3 0.4232995658465991 0.7615060240963855 0.6681114327062229 0.13284059314179797
8 0.8164471780028943 0.7143975903614458 0.11336468885672937 0.03552826691380908
8 0.8140376266280752 0.7761816496756255 0.1085383502170767 0.05097312326227989
3 0.42812590448625176 0.8526413345690455 0.6681114327062229 0.052516218721038
9 0.46188856729377714 0.8850787766450418 0.03135311143270622 0.015444856348470806
1 0.7127351664254703 0.8889388322520853 0.10371201157742403 0.020078776645041704