4 0.3514622356495468 0.06869892473118279 0.513595166163142 0.02031182795698925
7 0.8731117824773413 0.06810035842293907 0.04229607250755287 0.016727598566308243
0 0.4551842900302115 0.10812544802867384 0.7170211480362538 0.04420430107526881
8 0.8646525679758308 0.09247311827956989 0.09546827794561934 0.021505376344086023
8 0.7226586102719034 0.2082437275985663 0.18851963746223566 0.02939068100358423
12 0.4580060422960725 0.6078853046594982 0.7202416918429003 0.14623655913978495
12 0.461631419939577 0.8304659498207886 0.7129909365558912 0.016487455197132617
1 0.8066465256797583 0.8616487455197133 0.030211480362537766 0.011469534050179211
3 0.4622356495468278 0.8003584229390681 0.29123867069486403 0.016487455197132617
8 0.7256797583081571 0.471326164874552 0.18489425981873112 0.03082437275985663
8 0.7274924471299093 0.3985663082437276 0.18610271903323264 0.035842293906810034
8 0.7287009063444109 0.6971326164874552 0.18851963746223566 0.02795698924731183
12 0.4555891238670695 0.16738351254480285 0.7226586102719034 0.05089605734767025
12 0.3613293051359517 0.2086021505376344 0.5365558912386706 0.031541218637992835
0 0.454380664652568 0.2903225806451613 0.7226586102719034 0.13189964157706094
12 0.4598187311178248 0.37455197132616486 0.7214501510574018 0.013620071684587814
12 0.3661631419939577 0.3996415770609319 0.5341389728096677 0.03655913978494624
12 0.3637462235649547 0.46702508960573474 0.5317220543806647 0.017921146953405017
12 0.3631419939577039 0.4838709677419355 0.5305135951661631 0.015770609318996417
12 0.3667673716012085 0.696415770609319 0.5353474320241692 0.03225806451612903
0 0.4610271903323263 0.43261648745519715 0.7214501510574018 0.02939068100358423
0 0.461631419939577 0.5060931899641578 0.7274924471299093 0.032974910394265235
0 0.4622356495468278 0.7451612903225806 0.7214501510574018 0.06523297491039426
12 0.36978851963746223 0.8476702508960573 0.5268882175226586 0.01935483870967742
8 0.7274924471299093 0.8476702508960573 0.18610271903323264 0.017921146953405017