13 0.23061750599520384 0.22799129804205945 0.16786570743405277 0.1330384336475707
8 0.8902877697841727 0.1697244379985497 0.08592925659472422 0.11416606236403191
12 0.48241606714628293 0.12886149383611312 0.7290167865707434 0.04694343727338651
0 0.5897302158273381 0.19728426395939086 0.5079916067146283 0.09193255982596084
12 0.5845323741007195 0.27754532269760696 0.5055935251798561 0.0687454677302393
0 0.4560371702637889 0.5236802030456853 0.7561930455635492 0.4256526468455403
12 0.4342505995203837 0.8161493836113126 0.7326139088729017 0.15973531544597536
1 0.7695863309352519 0.9041406816533719 0.052356115107913666 0.016642494561276287
9 0.421462829736211 0.9042603335750543 0.05155875299760192 0.014467005076142132
4 0.4118705035971223 0.0906816533720087 0.5919244604316547 0.02859680928208847
7 0.903273381294964 0.10019579405366207 0.047919664268585134 0.017683103698332127