7 0.09359893758300133 0.07291768541157294 0.06030544488711819 0.023634881825590873
4 0.47735723771580346 0.0687123064384678 0.5232934926958832 0.022420537897310515
0 0.4670119521912351 0.28036674816625917 0.7954183266932272 0.37145069274653625
8 0.05209827357237715 0.19048084759576203 0.04369189907038513 0.017970660146699267
8 0.05568393094289509 0.2935370823145884 0.04107569721115538 0.015623471882640589
8 0.05778220451527224 0.3963080684596577 0.0452722443559097 0.016308068459657703
8 0.06142098273572377 0.5197555012224939 0.04280212483399734 0.016422167889160552
8 0.06630810092961488 0.6212469437652811 0.042815405046480744 0.014547677261613693
8 0.06709163346613546 0.7290546047269764 0.04243027888446215 0.018125509372453136
8 0.07159362549800796 0.8317848410757946 0.04167330677290836 0.016332518337408314
12 0.49418326693227094 0.6859494702526487 0.8165869853917662 0.39554197229013854
1 0.8742762284196548 0.8919315403422984 0.08539176626826028 0.021621841890790548