7 0.5918718592964824 0.029992289899768695 0.1594221105527638 0.03785659213569777
0 0.5985427135678392 0.09202004626060138 0.7221356783919599 0.0838396299151889
3 0.6004020100502513 0.17367000771010024 0.7237311557788945 0.08362374710871241
3 0.5986809045226131 0.31499614494988437 0.7139447236180904 0.20316885119506553
3 0.5870854271356784 0.49371626831148807 0.4045100502512563 0.03100231303006939
3 0.5930276381909548 0.5525828835774865 0.5499748743718592 0.03552043176561295
3 0.5967964824120603 0.6144333076329992 0.7143969849246231 0.0381958365458751
6 0.3682035175879397 0.6143947571318428 0.05819095477386935 0.03799537393986122
3 0.5939949748743718 0.6559753276792598 0.7151633165829145 0.043215111796453355
3 0.5901633165829145 0.7048650732459523 0.7155904522613066 0.06160370084811103
3 0.5921733668341709 0.7550269853508096 0.7115326633165829 0.039614494988434855
3 0.5913944723618091 0.7956823438704703 0.7099748743718592 0.04285273708558211
1 0.8981658291457287 0.8439321511179645 0.0831281407035176 0.020925212027756362