4 0.470787696924231 0.09264719101123595 0.8325131282820705 0.03084943820224719
0 0.4378619654913728 0.26569438202247186 0.6774193548387096 0.3041752808988764
3 0.4372393098274569 0.7306112359550562 0.6736984246061515 0.3013977528089888
6 0.12703675918979745 0.6000494382022471 0.05081770442610652 0.03284943820224719
1 0.7300225056264066 0.8901887640449438 0.10166541635408853 0.016139325842696627
9 0.4982220555138785 0.891047191011236 0.07681170292573143 0.017851685393258425
8 0.8332183045761441 0.7784764044943819 0.09735933983495874 0.027357303370786516
8 0.8347036759189798 0.35661123595505617 0.09786196549137284 0.05386067415730337
7 0.844291072768192 0.12711011235955055 0.05010502625656415 0.021065168539325843
8 0.06535633908477119 0.13850337078651687 0.05635408852213054 0.04385168539325843
3 0.4449212303075769 0.4669752808988764 0.1809152288072018 0.03401348314606742
3 0.43653413353338333 0.5281662921348315 0.6747561890472619 0.08362247191011236