7 0.16758544652701213 0.0576158940397351 0.08820286659316427 0.02781456953642384
4 0.6460859977949284 0.05496688741721854 0.6130099228224918 0.033112582781456956
8 0.16207276736493936 0.15033112582781458 0.1345093715545755 0.04105960264900662
8 0.1565600882028666 0.22450331125827813 0.11907386990077178 0.05695364238410596
8 0.16427783902976847 0.3655629139072848 0.13009922822491732 0.045033112582781455
8 0.16758544652701213 0.580794701986755 0.1278941565600882 0.04105960264900662
0 0.5920617420066152 0.10662251655629139 0.7298787210584344 0.046357615894039736
3 0.5909592061742006 0.32450331125827814 0.7276736493936052 0.3920529801324503
3 0.5898566703417861 0.6298013245033113 0.721058434399118 0.2185430463576159
12 0.5931642778390298 0.7960264900662252 0.7144432194046306 0.10860927152317881
2 0.5931642778390298 0.8913907284768212 0.7188533627342889 0.05033112582781457
1 0.8952590959206174 0.9251655629139073 0.10143329658213891 0.025165562913907286