4 0.36728060671722645 0.04717607973421927 0.6132177681473456 0.030564784053156147
7 0.8342361863488624 0.04784053156146179 0.056338028169014086 0.03189368770764119
3 0.4084507042253521 0.12757475083056477 0.695557963163597 0.11162790697674418
3 0.41170097508125675 0.27109634551495015 0.6890574214517876 0.17275747508305647
3 0.41386782231852653 0.4790697674418605 0.6933911159263272 0.24053156146179402
3 0.4084507042253521 0.6139534883720931 0.6738894907908992 0.026578073089700997
3 0.41495124593716143 0.6724252491694352 0.6912242686890574 0.06378737541528239
3 0.41278439869989164 0.748172757475083 0.6868905742145178 0.09036544850498339
3 0.41386782231852653 0.8179401993355482 0.6890574214517876 0.038538205980066444
3 0.4106175514626219 0.8664451827242525 0.695557963163597 0.05847176079734219
1 0.7388949079089924 0.9162790697674419 0.04333694474539545 0.02524916943521595
8 0.8179848320693391 0.08637873754152824 0.11484290357529794 0.023920265780730896
8 0.8147345612134345 0.18073089700996678 0.10834236186348863 0.0425249169435216
8 0.8179848320693391 0.21528239202657806 0.1105092091007584 0.023920265780730896
8 0.8169014084507042 0.3315614617940199 0.11267605633802817 0.043853820598006646
8 0.8158179848320694 0.7441860465116279 0.11484290357529794 0.037209302325581395
8 0.8212351029252438 0.7800664451827243 0.12134344528710726 0.0345514950166113
8 0.819068255687974 0.8159468438538205 0.11700975081256772 0.037209302325581395
8 0.8244853737811484 0.532890365448505 0.12784398699891658 0.0345514950166113
8 0.8179848320693391 0.49767441860465117 0.12351029252437704 0.035880398671096346
8 0.8179848320693391 0.45714285714285713 0.12351029252437704 0.037209302325581395
8 0.8234019501625135 0.4186046511627907 0.1256771397616468 0.0345514950166113