4 0.447561790247161 0.07860824742268041 0.364061456245825 0.02577319587628866
7 0.7924181696726786 0.08247422680412371 0.02839011356045424 0.01804123711340206
0 0.47344689378757515 0.11984536082474227 0.6963927855711423 0.04896907216494845
3 0.47511690046760185 0.26288659793814434 0.6930527722110889 0.23711340206185566
3 0.4784569138276553 0.4742268041237113 0.6930527722110889 0.18556701030927836
3 0.4784569138276553 0.6353092783505154 0.6930527722110889 0.13659793814432988
3 0.4784569138276553 0.7615979381443299 0.6930527722110889 0.11855670103092783
2 0.30596526386105544 0.8757783505154639 0.3413827655310621 0.07114948453608247
9 0.4784569138276553 0.9188144329896907 0.041750167000668005 0.01804123711340206
1 0.8016032064128257 0.9194587628865979 0.04676018704074816 0.02190721649484536
2 0.6534134936539746 0.8782113402061856 0.3415698062792251 0.06827319587628865