4 0.4722048364153627 0.06814930710773356 0.7473541963015647 0.02964237818506929
8 0.1096728307254623 0.11686633884666965 0.062425320056899 0.04679928475637014
8 0.8111877667140824 0.10422887796155565 0.02396870554765292 0.01578900312919088
8 0.8074182076813656 0.4700402324541797 0.0839402560455192 0.037518998658918196
0 0.4540682788051209 0.3361198033080018 0.603421052631579 0.4910415735359857
3 0.4549573257467994 0.6266338846669647 0.14172830725462304 0.030733124720607956
3 0.46012802275960174 0.682820742065266 0.6027667140825036 0.08003129190880644
12 0.460697012802276 0.7856414841305319 0.5966073968705548 0.11823424228877961
6 0.1872190611664296 0.7457666517657577 0.050704125177809395 0.03606168976307555
9 0.5491109530583215 0.8510371032632991 0.04160028449502134 0.013308001788109074
1 0.7256258890469417 0.8516987036209209 0.06142247510668563 0.014054537326776934