7 0.13454187192118228 0.04876453488372093 0.04196059113300493 0.024687499999999998
4 0.5802068965517241 0.04075581395348837 0.3684137931034483 0.030515988372093024
0 0.5638817733990148 0.14682412790697674 0.6774679802955665 0.17417877906976742
3 0.570935960591133 0.2813154069767442 0.673783251231527 0.09497093023255815
3 0.5742364532019705 0.37619912790697674 0.6725024630541873 0.09563226744186047
3 0.5783645320197044 0.4811700581395349 0.6704926108374384 0.11535610465116278
3 0.5805221674876847 0.6024345930232559 0.6735270935960591 0.13548691860465117
3 0.585064039408867 0.7068241279069768 0.6736354679802956 0.0783357558139535
3 0.5871625615763547 0.7920203488372093 0.6675665024630543 0.09825581395348837
12 0.589064039408867 0.8663081395348837 0.6662364532019704 0.05755813953488372
1 0.8999408866995074 0.904047965116279 0.04301477832512315 0.019476744186046512