7 0.1538679245283019 0.06383863080684596 0.06513477088948787 0.02444987775061125
4 0.5435714285714286 0.06248573757131214 0.5345956873315364 0.02988590057049715
0 0.5121293800539084 0.15009779951100244 0.7681940700808625 0.12903830480847597
12 0.5132479784366577 0.5446862265688672 0.7659433962264152 0.6248329258353708
8 0.0977088948787062 0.2635126324368378 0.06513477088948787 0.019013854930725344
8 0.09545822102425876 0.13447432762836187 0.06064690026954178 0.019013854930725344
8 0.0977088948787062 0.3674246128769356 0.06513477088948787 0.017660961695191525
8 0.09995956873315365 0.46998370008149953 0.06064690026954178 0.019013854930725344
8 0.1021967654986523 0.5752485737571312 0.05615902964959569 0.025810920945395274
8 0.10444743935309973 0.6778076609616952 0.05615902964959569 0.016299918500407497
8 0.1033288409703504 0.7837571312143439 0.058396226415094336 0.019013854930725344
1 0.8928571428571429 0.8869845150774246 0.15049865229110512 0.027163814180929093