7 0.40302267002518893 0.04822530864197531 0.08816120906801007 0.03215277777777778
3 0.39777078085642315 0.15175154320987652 0.38413098236775817 0.03343364197530864
3 0.3956801007556675 0.22054783950617282 0.7157808564231739 0.060439814814814814
3 0.39777078085642315 0.30478395061728397 0.7157808564231739 0.04372685185185185
3 0.34424433249370273 0.3369367283950617 0.608727959697733 0.023148148148148147
3 0.39357682619647355 0.37679783950617285 0.7073929471032745 0.056581790123456786
3 0.39462216624685137 0.4468904320987654 0.7178841309823678 0.08101851851851852
3 0.38832493702770776 0.5279089506172839 0.7178841309823678 0.07844907407407407
3 0.3904282115869018 0.5870601851851852 0.7304785894206549 0.04243827160493827
3 0.38413098236775817 0.628858024691358 0.713690176322418 0.04114969135802469
3 0.3862342569269522 0.6783719135802468 0.43240554156171285 0.029575617283950615
12 0.373639798488665 0.7754629629629629 0.713690176322418 0.1440354938271605
1 0.7010957178841309 0.8584104938271605 0.046183879093198994 0.019290123456790122
9 0.3631360201511335 0.8584104938271605 0.07556675062972293 0.02443672839506173
6 0.16792191435768264 0.3028549382716049 0.05877833753148615 0.03986882716049383