6 0.10966197183098592 0.18201401050788094 0.0663943661971831 0.03878283712784588
3 0.4859154929577465 0.18514010507880913 0.8269577464788732 0.05003502626970228
7 0.8722394366197183 0.028143607705779335 0.03822535211267606 0.023765323992994747
1 0.8289718309859155 0.9300700525394047 0.15291549295774648 0.02626970227670753
3 0.4939577464788732 0.5566637478108581 0.8309859154929577 0.07255691768826619
12 0.49295774647887325 0.9075569176882663 0.8169014084507042 0.02126970227670753
3 0.4939577464788732 0.8831611208406305 0.4486901408450704 0.030026269702276707
3 0.2887323943661972 0.4741068301225919 0.41247887323943666 0.02501751313485114
3 0.4889295774647887 0.4428283712784588 0.547281690140845 0.030026269702276707
3 0.4889295774647887 0.5035026269702276 0.5352112676056338 0.02626970227670753
3 0.2776619718309859 0.3127320490367776 0.40643661971830986 0.19514886164623468
3 0.704225352112676 0.3046059544658494 0.4024084507042253 0.18388791593695272
3 0.28269014084507044 0.7249211908931699 0.4084507042253521 0.2589404553415061
3 0.7062394366197183 0.6254728546409807 0.3983943661971831 0.06004378283712784
3 0.7082535211267605 0.7568213660245183 0.4024084507042253 0.20014886164623466
3 0.48390140845070423 0.11196147110332749 0.2917464788732394 0.02626970227670753
3 0.4859154929577465 0.14323117338003502 0.4245492957746479 0.028774080560420315
4 0.47787323943661975 0.02501751313485114 0.2595633802816901 0.030026269702276707
0 0.2726338028169014 0.06442206654991244 0.4044225352112676 0.0412784588441331
0 0.7012112676056338 0.06254816112084063 0.40040845070422537 0.04253064798598949