4 0.46993150684931506 0.07739197530864197 0.562931506849315 0.020108024691358025
7 0.8561780821917808 0.08013888888888888 0.058315068493150685 0.01925925925925926
0 0.47095890410958907 0.12382716049382715 0.8350273972602741 0.06543981481481481
3 0.46954794520547943 0.18938271604938273 0.8350273972602741 0.06662808641975308
3 0.47145205479452057 0.27434413580246914 0.8444520547945206 0.10503086419753087
3 0.4723150684931507 0.44560956790123457 0.8405342465753425 0.2368287037037037
3 0.4737397260273972 0.6169675925925926 0.8348219178082191 0.10622685185185184
3 0.47258904109589045 0.7238425925925926 0.8344931506849315 0.10735339506172839
3 0.47187671232876716 0.8092669753086419 0.837013698630137 0.06110339506172839
12 0.4718630136986301 0.8626929012345679 0.8350273972602741 0.043271604938271604
1 0.8301917808219178 0.8960802469135802 0.11286301369863014 0.01765432098765432
2 0.2269178082191781 0.9218827160493827 0.2878219178082192 0.022507716049382717
2 0.49578082191780826 0.9193904320987654 0.202972602739726 0.02197530864197531