4 0.42161290322580647 0.05379159369527145 0.18898617511520738 0.02816112084063047
7 0.7622734254992319 0.05761821366024518 0.06182795698924731 0.021646234676007004
0 0.4340860215053763 0.09179509632224168 0.7214132104454685 0.044623467600700524
8 0.8740552995391705 0.1743520140105079 0.16599078341013826 0.11047285464098074
8 0.8692012288786483 0.30095446584938707 0.16874039938556068 0.09281961471103327
8 0.8674193548387098 0.4359632224168126 0.15273425499231952 0.090569176882662
8 0.8694930875576037 0.5487127845884413 0.17178187403993855 0.09485989492119089
8 0.8687864823348695 0.6804378283712784 0.16789554531490014 0.08462346760070052
8 0.857926267281106 0.8146409807355517 0.15612903225806452 0.09634851138353766
8 0.8728417818740399 0.9271015761821366 0.16109062980030722 0.05042031523642732
9 0.42196620583717354 0.9650350262697022 0.030476190476190476 0.01774956217162872
1 0.7754224270353303 0.9657705779334501 0.03341013824884793 0.020998248686514887
3 0.43041474654377876 0.1810595446584939 0.7140706605222734 0.1338091068301226
3 0.4291858678955453 0.31712784588441334 0.7140860215053764 0.1336690017513135
3 0.42978494623655916 0.4406830122591944 0.715284178187404 0.11134851138353764
3 0.4246850998463902 0.5668651488616463 0.7100768049155146 0.13824868651488617
3 0.42562211981566817 0.702338003502627 0.7119354838709678 0.13179509632224168
3 0.42559139784946237 0.8399649737302978 0.7093701996927804 0.13990367775831875
12 0.4311674347158218 0.9333450087565676 0.7081105990783411 0.04873905429071804