7 0.10113274336283186 0.0665082444228904 0.07585840707964601 0.024936954413191076
4 0.6245309734513275 0.065819592628516 0.672566371681416 0.026323957322987392
3 0.5145309734513274 0.1219301648884578 0.9026548672566371 0.030484966052376335
3 0.5183362831858407 0.1988360814742968 0.9001238938053098 0.07343355965082443
3 0.5170619469026548 0.28681862269641123 0.8925486725663717 0.09976721629485936
3 0.5183362831858407 0.5854219204655675 0.8900176991150442 0.04849660523763336
3 0.5170619469026548 0.6477788554801164 0.8874867256637168 0.07620756547041706
3 0.4260353982300885 0.3505625606207566 0.5031681415929203 0.027710960232783705
3 0.4841946902654867 0.3741125121241513 0.8166902654867256 0.027710960232783705
3 0.5195929203539823 0.41153249272550924 0.8874867256637168 0.04988360814742968
3 0.5195929203539823 0.48704170708050437 0.882424778761062 0.10115421920465568
3 0.3590442477876106 0.5480116391852571 0.3691504424778761 0.026323957322987392
3 0.5246548672566371 0.6955771096023278 0.6953274336283186 0.027710960232783705
3 0.5183362831858407 0.7586226964112512 0.8950619469026548 0.0956062075654704
3 0.5158053097345133 0.8452279340446168 0.9051858407079646 0.07759456838021339
12 0.5183362831858407 0.8971871968962173 0.8849557522123894 0.026323957322987392
1 0.8900176991150442 0.9214354995150339 0.15676106194690265 0.024936954413191076