4 0.40210349462365597 0.0762161068393363 0.31586021505376344 0.028328611898016998
7 0.8165322580645161 0.07823957911776609 0.06496639784946237 0.02158235532173209
1 0.751008064516129 0.9029745042492918 0.03024193548387097 0.013152569809793607
0 0.40658602150537637 0.14366653176851477 0.7056451612903226 0.09510319708619992
8 0.78125 0.16744233104006476 0.033602150537634407 0.013152569809793607
3 0.4074260752688172 0.26912181303116145 0.7106854838709677 0.1558073654390935
3 0.40826612903225806 0.4395993524888709 0.7123655913978495 0.18312424119789558
3 0.40658602150537637 0.5716309186564144 0.7123655913978495 0.07891541885876163
3 0.40826612903225806 0.6434641845406718 0.7123655913978495 0.06677458518818292
3 0.4116263440860215 0.7087211655200324 0.7123655913978495 0.06576284904896802
3 0.4124663978494624 0.8134358559287738 0.7140456989247311 0.14569000404694454