4 0.45182095006090134 0.1108171206225681 0.49235688185140075 0.023025291828793776
7 0.8193361753958587 0.11492704280155641 0.046144945188794154 0.0248784046692607
0 0.4534348355663824 0.14220817120622567 0.6151461632155908 0.03360894941634241
3 0.4524056029232643 0.21686770428015564 0.6161205846528623 0.11449902723735408
3 0.45037758830694274 0.29717898832684825 0.6120584652862363 0.0485068093385214
3 0.44811205846528623 0.34457684824902723 0.6099939098660171 0.048711089494163425
3 0.44725943970767357 0.3845087548638132 0.6082947624847747 0.03299610894941635
3 0.44641291108404385 0.42514591439688715 0.6078380024360536 0.04924610894941634
3 0.44481729598051156 0.5042850194552528 0.6083434835566383 0.11194552529182879
3 0.44126065773447015 0.6243774319066148 0.6086358099878197 0.1284727626459144
3 0.43881851400730815 0.7195817120622569 0.6049878197320341 0.06368677042801556
9 0.4714250913520098 0.758681906614786 0.031132764920828258 0.01675583657587549
1 0.7191717417783192 0.7601215953307393 0.04233252131546894 0.017344357976653693
2 0.4365834348355664 0.835068093385214 0.6074116930572473 0.0805058365758755
9 0.5509744214372716 0.8818336575875486 0.009397076735688185 0.010705252918287939
8 0.7793727161997565 0.16730544747081713 0.03531059683313033 0.01291342412451362
8 0.7817904993909867 0.27955739299610893 0.0437088915956151 0.012368677042801555
8 0.7730876979293545 0.32587548638132297 0.030450669914738125 0.012616731517509729
8 0.7770767356881851 0.3789056420233463 0.04199147381242387 0.013025291828793775
8 0.8011327649208283 0.41292801556420233 0.0912911084043849 0.017587548638132295
8 0.7949573690621193 0.4592850194552529 0.08546285018270403 0.014591439688715954
8 0.7937028014616322 0.5947519455252918 0.09363580998781973 0.06427529182879378