4 0.4290853658536586 0.06834348355663825 0.4110230352303523 0.02571254567600487
7 0.8457520325203252 0.07511165245635404 0.06549457994579946 0.02571254567600487
1 0.7621951219512195 0.8993097848152659 0.04742547425474255 0.014888347543645961
0 0.43191056910569103 0.10353227771010962 0.7215447154471545 0.02639058059277304
3 0.429369918699187 0.18422655298416565 0.7232384823848238 0.13296792529435647
3 0.429369918699187 0.38773853024766547 0.7232384823848238 0.27608607389362566
8 0.823170731707317 0.12535525781567194 0.06097560975609756 0.01319529029638652
8 0.8223238482384824 0.5339017458384084 0.05250677506775068 0.012180267965895249
8 0.8434959349593496 0.6115509541209907 0.1016260162601626 0.015225334957369063
8 0.8197831978319783 0.8221680876979294 0.05420054200542006 0.014210312626877792
3 0.4310636856368564 0.547097036134795 0.7232384823848238 0.03857084855866829
3 0.43021680216802166 0.631851400730816 0.7215447154471545 0.1289078359723914
3 0.4310636856368564 0.7181282988225741 0.7198509485094851 0.03958587088915956
3 0.4285230352303523 0.8104953308972798 0.7215447154471545 0.1431181485992692