7 0.17317380352644837 0.049096622152395915 0.04827455919395466 0.024878240377062058
4 0.685352644836272 0.050408483896307935 0.5226700251889169 0.030109976433621365
0 0.5436649874055416 0.14336213668499606 0.8018513853904281 0.14271013354281226
3 0.5426070528967254 0.28476040848389633 0.803942065491184 0.14271013354281226
3 0.5436649874055416 0.4065200314218382 0.8060453400503779 0.1008091123330715
3 0.5426070528967254 0.4988216810683425 0.803942065491184 0.08379418695993716
3 0.5468136020151134 0.5793401413982718 0.7997481108312342 0.08248232521602514
3 0.5457556675062972 0.6526551453260016 0.7934508816120907 0.06153181461115475
3 0.5478589420654912 0.7135349567949726 0.7976448362720403 0.06284367635506677
3 0.5478589420654912 0.7744147682639435 0.7976448362720403 0.06153181461115475
12 0.5468136020151134 0.8680282796543598 0.7955541561712846 0.12830322073841322
1 0.8669143576826197 0.9367635506677141 0.13434508816120908 0.024878240377062058