3 0.4414990969295605 0.38788 0.6903491872366045 0.03636363636363636
6 0.1535219747140277 0.4448472727272727 0.062209512341962675 0.05333454545454545
8 0.8448705599036724 0.43878909090909096 0.09231186032510537 0.04363636363636364
8 0.8422636965683323 0.6443636363636364 0.09030704394942805 0.05090909090909091
8 0.8416616496086695 0.6949090909090909 0.08669476219145093 0.04727272727272727
8 0.8422636965683323 0.7450909090909091 0.09030704394942805 0.04872727272727273
9 0.42624924744130044 0.8803636363636363 0.021673690547862733 0.013818181818181818
1 0.7682119205298014 0.8781818181818182 0.050571944611679714 0.012363636363636363
3 0.4376881396748946 0.5181818181818182 0.7140276941601444 0.20145454545454544
12 0.4382901866345575 0.7469090909090909 0.7128236002408188 0.2530909090909091
3 0.43226971703792894 0.2589090909090909 0.6429861529199278 0.02909090909090909
7 0.8591210114388922 0.07090909090909091 0.020469596628537028 0.015272727272727273
13 0.44130042143287174 0.16254545454545455 0.7188440698374473 0.13745454545454547
3 0.4316676700782661 0.30872727272727274 0.20349187236604455 0.02109090909090909
3 0.4286574352799518 0.3527272727272727 0.1613485851896448 0.016