7 0.18597864768683275 0.0969991015274034 0.045957295373665476 0.025642407906558848
4 0.6547259786476868 0.0966891284815813 0.5566761565836299 0.03032345013477089
3 0.5891601423487545 0.14678346810422283 0.16177224199288257 0.026073674752920037
3 0.588170818505338 0.26449685534591194 0.696220640569395 0.1847978436657682
3 0.5998220640569395 0.38338724168912847 0.1712526690391459 0.026015274034141958
3 0.5874021352313167 0.4677044025157232 0.6946903914590747 0.13292003593890386
3 0.6027829181494662 0.564559748427673 0.19791459074733095 0.027331536388140162
3 0.5890960854092526 0.6754716981132075 0.6891814946619217 0.1855525606469003
3 0.5987188612099644 0.7940880503144655 0.21645551601423488 0.026217430368373765
12 0.5866903914590748 0.8526190476190476 0.6932669039145907 0.08528751123090746
1 0.9104697508896797 0.9039622641509434 0.04272597864768683 0.017789757412398924
6 0.278932384341637 0.19526954177897574 0.06747330960854092 0.04157232704402516
6 0.27965836298932384 0.42546271338724173 0.06087544483985765 0.04594788858939802
6 0.2794875444839858 0.605822102425876 0.06528825622775801 0.044119496855345906
6 0.2666548042704626 0.8350449236298293 0.03486832740213523 0.04514824797843666