4 0.3920625889046942 0.05029045643153527 0.7438833570412519 0.03795850622406639
7 0.866827880512091 0.04760165975103734 0.08 0.03845643153526971
10 0.41240398293029873 0.12344398340248963 0.7744950213371267 0.10795020746887968
3 0.42406827880512094 0.31253941908713695 0.7374395448079658 0.27284647302904563
3 0.4342816500711238 0.46319502074688795 0.3888904694167852 0.030141078838174275
10 0.4102133712660028 0.5555186721991701 0.7399146514935988 0.16194190871369293
3 0.42458036984352776 0.6498423236514522 0.3929871977240398 0.02770954356846473
10 0.42160739687055476 0.7444066390041494 0.749302987197724 0.164
12 0.43240398293029875 0.8816929460580913 0.687027027027027 0.11374273858921162
1 0.7195874822190612 0.9501078838174275 0.10419630156472262 0.027468879668049794
9 0.450796586059744 0.9478672199170125 0.04432432432432432 0.027892116182572615