4 0.38514639639639636 0.04325726141078838 0.6235923423423423 0.030387275242047023
7 0.810213963963964 0.04853388658367912 0.0668018018018018 0.024695712309820195
3 0.4604166666666667 0.09309128630705395 0.7741328828828828 0.06802213001383126
3 0.4599211711711712 0.14876210235131399 0.7738513513513513 0.04293222683264177
3 0.46209459459459457 0.22641078838174272 0.7753040540540541 0.11306362378976488
3 0.4642454954954955 0.36941908713692945 0.7810472972972974 0.17318118948824343
3 0.48391891891891897 0.4687482710926694 0.6612950450450451 0.02401106500691563
3 0.4972072072072072 0.4915352697095436 0.6878716216216216 0.022966804979253113
3 0.4681756756756757 0.6681811894882435 0.7805518018018018 0.3310442600276625
3 0.32197072072072075 0.8461687413554633 0.402240990990991 0.023596127247579528
3 0.40629504504504504 0.8682918395573997 0.4981418918918919 0.022455048409405255
3 0.4207094594594594 0.8916113416320885 0.5281531531531531 0.025138312586445367
1 0.8018468468468468 0.9108437067773166 0.10243243243243243 0.02685338865836791