8 0.10038240917782026 0.08659217877094973 0.11663479923518165 0.09217877094972067
8 0.10516252390057361 0.5111731843575419 0.1147227533460803 0.18994413407821228
8 0.10611854684512428 0.7388268156424581 0.11663479923518165 0.13966480446927373
8 0.21032504780114722 0.8184357541899442 0.32504780114722753 0.019553072625698324
8 0.10325047801147227 0.880586592178771 0.10707456978967496 0.10195530726256984
4 0.5372848948374761 0.030726256983240222 0.4818355640535373 0.025139664804469275
7 0.17208413001912046 0.03282122905027933 0.022944550669216062 0.023743016759776536
0 0.5458891013384322 0.22695530726256982 0.7667304015296367 0.37011173184357543
3 0.5468451242829828 0.6089385474860335 0.7648183556405354 0.39664804469273746
12 0.5506692160611855 0.875 0.7648183556405354 0.0935754189944134
1 0.9034416826003824 0.9315642458100558 0.04397705544933078 0.019553072625698324