7 0.18835892514395394 0.02790062981105668 0.03313819577735125 0.014926522043386983
4 0.5460076775431862 0.02468859342197341 0.48102687140115163 0.020034989503149053
8 0.09738003838771593 0.06150454863540938 0.08262955854126679 0.03600419874037789
8 0.10734165067178503 0.19811756473058084 0.11693857965451056 0.21907627711686495
8 0.10963531669865642 0.46299510146955913 0.11719769673704415 0.2414625612316305
8 0.10705374280230326 0.7330790762771168 0.10485604606525913 0.08559132260321904
0 0.549299424184261 0.06035689293212036 0.7536948176583493 0.04319104268719384
3 0.5516218809980806 0.2121553533939818 0.7550383877159309 0.25833449965010497
3 0.5547024952015355 0.5140167949615115 0.7595585412667947 0.34657102869139256
3 0.554616122840691 0.8043596920923723 0.7593953934740882 0.23275717284814557
1 0.9104702495201535 0.9286074177746676 0.04981765834932821 0.020692792162351294