4 0.3577878103837472 0.04916943521594684 0.6433408577878104 0.0345514950166113
7 0.8284424379232506 0.05116279069767442 0.08126410835214447 0.027906976744186046
1 0.6828442437923251 0.9096345514950166 0.15124153498871332 0.02524916943521595
9 0.44130925507900676 0.9116279069767442 0.06997742663656885 0.026578073089700997
3 0.3972911963882618 0.6843853820598007 0.7268623024830699 0.045182724252491695
3 0.3927765237020316 0.773421926910299 0.7268623024830699 0.13023255813953488
3 0.3927765237020316 0.8697674418604651 0.7268623024830699 0.059800664451827246
8 0.8182844243792325 0.7754152823920266 0.12866817155756208 0.051827242524916946
8 0.8194130925507901 0.8199335548172757 0.1309255079006772 0.037209302325581395
3 0.39954853273137697 0.11295681063122924 0.7313769751693002 0.0664451827242525
3 0.4018058690744921 0.2106312292358804 0.7313769751693002 0.12890365448504984
3 0.4006772009029345 0.3395348837209302 0.7291196388261851 0.12890365448504984
3 0.3984198645598194 0.43654485049833885 0.7336343115124153 0.06511627906976744
3 0.3984198645598194 0.5255813953488372 0.7291196388261851 0.11029900332225914
3 0.3984198645598194 0.6132890365448505 0.7336343115124153 0.059800664451827246