4 0.47174487772637147 0.07866699702675917 0.6130204890945142 0.02601585728444004
7 0.8137805684071381 0.08238354806739345 0.04130865829477859 0.021060455896927652
0 0.4750495703899537 0.12698216055500497 0.7088565763384005 0.06318136769078295
3 0.47257105089226703 0.17777502477700693 0.7038995373430271 0.035926660059464814
3 0.4700925313945803 0.2954658077304262 0.7055518836748182 0.0854806739345887
3 0.46926635822868473 0.370416253716551 0.7038995373430271 0.06689791873141725
3 0.4676140118968936 0.4521803766105055 0.7038995373430271 0.09663032705649158
3 0.4643093192333113 0.5655351833498513 0.7072042300066094 0.1325569871159564
1 0.7931262392597488 0.8721506442021804 0.036351619299405155 0.01734390485629336
2 0.2866820885657634 0.7550792864222002 0.35194976867151356 0.22423191278493557
2 0.6435888962326504 0.7563181367690783 0.34864507600793126 0.21927651139742318
3 0.46844018506278917 0.2254707631318137 0.34864507600793126 0.037165510406342916