4 0.47278911564625853 0.030762920426579164 0.5464897959183673 0.034183757178014765
7 0.8333333333333334 0.03759639048400328 0.08390476190476191 0.02871205906480722
3 0.47959183673469385 0.21397046759639046 0.29704761904761906 0.034183757178014765
3 0.485265306122449 0.24678424938474158 0.376421768707483 0.02871205906480722
6 0.15873469387755101 0.29874487284659557 0.06349659863945578 0.042387202625102545
3 0.4920680272108844 0.36232157506152585 0.7936462585034014 0.16954060705496307
3 0.4909251700680272 0.5010910582444628 0.7913877551020407 0.10527481542247745
3 0.5 0.6890894175553732 0.7913877551020407 0.26798195242001643
12 0.5068027210884354 0.8668334700574242 0.786843537414966 0.084766201804758
1 0.8514693877551021 0.9146841673502871 0.08390476190476191 0.0218785890073831
0 0.4818639455782313 0.1066447908121411 0.8004489795918368 0.1066447908121411