4 0.4692087912087912 0.07833630686886708 0.7974945054945054 0.031190900981266728
8 0.09734065934065934 0.1344915254237288 0.060805860805860805 0.05662801070472792
7 0.8266446886446885 0.11088314005352364 0.04671062271062271 0.01798394290811775
8 0.8223150183150183 0.17351471900089205 0.10734798534798536 0.06388046387154327
8 0.8114358974358974 0.3156422836752899 0.08851282051282051 0.028528099910793935
10 0.45381684981684983 0.20131132917038358 0.6099194139194138 0.19884478144513826
3 0.44711355311355305 0.411757359500446 0.6211868131868131 0.21325156110615523
3 0.4523589743589744 0.5758876003568243 0.14546520146520148 0.029919714540588758
3 0.44946520146520147 0.6442551293487957 0.6188351648351649 0.10873773416592328
12 0.4511648351648352 0.7766636931311329 0.6187106227106227 0.15475468331846565
6 0.1730915750915751 0.7199598572702944 0.05898168498168498 0.03372435325602141
1 0.7290695970695971 0.8593443354148083 0.06117948717948719 0.01874219446922391