7 0.16420503909643788 0.04682488774855677 0.06429192006950478 0.03207184092366902
4 0.6064291920069504 0.04105195638229634 0.5595134665508253 0.028223220012828735
3 0.5099913119026933 0.10711994868505452 0.5960034752389227 0.026940346375881975
3 0.5117289313640313 0.17382937780628607 0.6168549087749783 0.06286080821039128
3 0.5117289313640313 0.2193713919178961 0.3631624674196351 0.02052597819114817
3 0.5186794092093832 0.3207184092366902 0.7489139878366637 0.177036561898653
3 0.5143353605560382 0.4400256574727389 0.37532580364900087 0.03335471456061578
3 0.522154648132059 0.5388069275176395 0.7489139878366637 0.14624759461193074
12 0.529105125977411 0.7459910198845414 0.7489139878366637 0.2655548428479795
2 0.2701998262380539 0.8948043617703656 0.1685490877497828 0.024374599101988453
2 0.5369244135534318 0.895445798588839 0.3301476976542137 0.025657472738935216