4 0.4255813953488372 0.04522246535375638 0.6139534883720931 0.029175784099197667
7 0.8441860465116279 0.049598832968636035 0.06046511627906977 0.0262582056892779
0 0.4255813953488372 0.08971553610503283 0.7209302325581395 0.05981035740335521
3 0.4232558139534884 0.2552881108679796 0.7255813953488373 0.2713347921225383
3 0.4232558139534884 0.5361050328227571 0.7255813953488373 0.29029905178701676
8 0.85 0.1611962071480671 0.11395348837209303 0.06564551422319474
8 0.8523255813953489 0.43690736688548504 0.12790697674418605 0.07731582786287382
8 0.8441860465116279 0.8001458789204959 0.11162790697674418 0.08023340627279359
3 0.42441860465116277 0.7089715536105032 0.34651162790697676 0.020423048869438368
3 0.42209302325581394 0.7345003646973013 0.36511627906976746 0.02188183807439825
6 0.09767441860465116 0.7768052516411379 0.06511627906976744 0.03938730853391685
3 0.4197674418604651 0.8336980306345733 0.7186046511627907 0.1560904449307075
1 0.7569767441860465 0.9204959883296864 0.04883720930232558 0.023340627279358133