4 0.3769017980636238 0.05996691480562448 0.7215352697095435 0.03446650124069479
7 0.8252697095435684 0.05858560794044665 0.06455048409405256 0.045492142266335814
0 0.43568464730290457 0.11648469809760133 0.677731673582296 0.07857733664185278
3 0.43568464730290457 0.25572373862696446 0.6731258644536653 0.19162117452440033
3 0.42416320885200554 0.4852522746071133 0.6731258644536653 0.2674358974358974
3 0.42416320885200554 0.7009925558312655 0.677731673582296 0.15853598014888337
3 0.4160857538035961 0.8767576509511993 0.666210235131397 0.1902398676592225
9 0.47486860304287687 0.9553349875930521 0.05071922544951591 0.02481389578163772
1 0.7042461964038728 0.95671629445823 0.0991286307053942 0.0275682382133995
8 0.05417704011065007 0.17990074441687345 0.08990318118948824 0.04273779983457403
8 0.06338865836791148 0.37014061207609594 0.053015214384508985 0.023432588916459884
8 0.05647302904564315 0.6362034739454094 0.053015214384508985 0.02619520264681555
8 0.059930843706777315 0.8016294458229942 0.04609958506224066 0.028949545078577336