4 0.45226018396846257 0.05694166666666667 0.4664914586070959 0.030558333333333333
7 0.7632457293035481 0.061108333333333334 0.06789750328515112 0.019441666666666666
8 0.8760446780551905 0.13472499999999998 0.09636005256241786 0.025
8 0.8727595269382391 0.21875 0.09417871222076216 0.026391666666666667
8 0.8552299605781867 0.4041666666666667 0.10731931668856767 0.022225
8 0.8475689881734559 0.48402500000000004 0.1314060446780552 0.084725
8 0.8475689881734559 0.6881916666666666 0.10074901445466491 0.023608333333333332
8 0.8377135348226018 0.8534750000000001 0.0897897503285151 0.023608333333333332
1 0.724927726675427 0.9013916666666667 0.06132720105124836 0.022225
9 0.4654007884362681 0.8986083333333332 0.06789750328515112 0.025
12 0.42159001314060446 0.4819416666666667 0.7468199737187912 0.8138916666666667