4 0.47652916073968704 0.028310104529616725 0.24182076813655762 0.03048780487804878
7 0.8677098150782361 0.03266550522648084 0.052162162162162164 0.02177700348432056
3 0.48246088193456615 0.1284843205574913 0.8511095305832148 0.16695993031358883
3 0.4990469416785206 0.23736933797909407 0.8036984352773826 0.0420993031358885
3 0.48246088193456615 0.296890243902439 0.8416358463726884 0.0711411149825784
3 0.2726458036984353 0.3985191637630662 0.41251778093883357 0.12630662020905922
3 0.7029445234708392 0.39634146341463417 0.40540540540540543 0.12195121951219512
3 0.48957325746799435 0.47401567944250866 0.3200568990042674 0.027587108013937284
3 0.49193456614509246 0.5023257839721254 0.6946372688477951 0.0319425087108014
3 0.49431009957325744 0.5901567944250871 0.8511095305832148 0.14082752613240418
2 0.2833143669985775 0.7955836236933799 0.40540540540540543 0.2613240418118467
2 0.7076813655761024 0.7926829268292683 0.41963015647226176 0.25551393728222993
1 0.8629729729729729 0.9298780487804879 0.09483641536273116 0.01887630662020906
6 0.09483641536273116 0.5422473867595818 0.05689900426742532 0.04790940766550523