4 0.467966573816156 0.037834311806914545 0.3862581244196843 0.0365296803652968
7 0.04828226555246054 0.04370515329419439 0.029712163416898793 0.0273972602739726
0 0.4744661095636026 0.10241356816699282 0.8783658310120706 0.07436399217221135
3 0.4753946146703807 0.16568819308545335 0.8765088207985144 0.046966731898238745
8 0.09842154131847725 0.24787997390737115 0.11142061281337047 0.03913894324853229
8 0.09285051067780872 0.6112198303979126 0.09285051067780872 0.037834311806914545
8 0.08542246982358404 0.720808871493803 0.07428040854224698 0.024787997390737115
8 0.08449396471680594 0.867579908675799 0.07613741875580315 0.02609262883235486
3 0.4753946146703807 0.2974559686888454 0.8765088207985144 0.21135029354207435
12 0.4809656453110492 0.4911937377690802 0.8709377901578459 0.17090671885192432
1 0.8802228412256268 0.954337899543379 0.07428040854224698 0.024787997390737115
12 0.5348189415041783 0.6138290932811481 0.7539461467038069 0.07436399217221135
12 0.47818012999071496 0.6744944553163731 0.8672237697307336 0.046966731898238745
12 0.531104921077066 0.7234181343770385 0.7613741875580315 0.05348988910632746
12 0.479108635097493 0.7971298108284409 0.8690807799442897 0.09915198956294846
12 0.5348189415041783 0.8688845401174168 0.7650882079851439 0.04957599478147423
0 0.48467966573816157 0.9302022178734507 0.8690807799442897 0.07566862361382909