4 0.29820766378244745 0.05947863866763215 0.5305809641532757 0.02682838522809558
7 0.8179357231149568 0.06211440984793628 0.07379480840543881 0.02606806661839247
0 0.4153399258343634 0.17440260680666184 0.7648454882571075 0.19102824040550326
3 0.3997404202719407 0.31677769732078204 0.733646477132262 0.09713251267197681
3 0.4008158220024722 0.39826937002172336 0.7357849196538937 0.07079652425778421
13 0.8309888751545117 0.39921795800144827 0.0550309023485785 0.07619116582186822
3 0.444610630407911 0.5728023171614771 0.821433868974042 0.27970311368573497
8 0.9279233621755254 0.551708906589428 0.1437577255871446 0.041542360608254884
3 0.4007911001236094 0.793222302679218 0.7250432632880098 0.16592324402606806
9 0.5215203955500618 0.884308472121651 0.030580964153275648 0.020818247646632874
1 0.8242274412855376 0.8828674873280232 0.05443757725587144 0.022418537291817524