4 0.6134122287968442 0.04525547445255475 0.252465483234714 0.029197080291970802
7 0.1893491124260355 0.04817518248175182 0.04339250493096647 0.02335766423357664
0 0.611439842209073 0.09708029197080292 0.6587771203155819 0.059854014598540145
3 0.6074950690335306 0.18321167883211678 0.6627218934911243 0.11240875912408758
3 0.6055226824457594 0.28686131386861313 0.6706114398422091 0.09197080291970802
3 0.6055226824457594 0.3613138686131387 0.6666666666666666 0.059854014598540145
3 0.6015779092702169 0.4153284671532847 0.6745562130177515 0.051094890510948905
3 0.6025641025641025 0.47226277372262776 0.6725838264299803 0.059854014598540145
3 0.5996055226824457 0.5693430656934306 0.6706114398422091 0.1343065693430657
3 0.591715976331361 0.691970802919708 0.6745562130177515 0.11386861313868613
3 0.5946745562130178 0.7766423357664234 0.6725838264299803 0.05547445255474453
3 0.5927021696252466 0.843065693430657 0.6765285996055227 0.07737226277372262
12 0.5897435897435898 0.8912408759124087 0.6706114398422091 0.021897810218978103
1 0.8875739644970414 0.910948905109489 0.07495069033530571 0.017518248175182483