3 0.40222772277227725 0.19264976958525346 0.6848143564356436 0.1881720430107527
3 0.37850247524752473 0.33346390168970813 0.34860148514851486 0.03456221198156682
3 0.39603960396039606 0.42178955453149 0.713700495049505 0.09856374807987713
3 0.40532178217821785 0.5049923195084486 0.724009900990099 0.08576804915514594
3 0.3094059405940594 0.578594470046083 0.536299504950495 0.06144393241167435
3 0.3073391089108911 0.6361981566820277 0.536299504950495 0.056321044546850996
3 0.3042450495049505 0.6925268817204301 0.5383663366336634 0.06400153609831029
3 0.2939356435643564 0.7469278033794163 0.525990099009901 0.06016129032258064
3 0.3135272277227723 0.8006912442396313 0.5734282178217821 0.06016129032258064
1 0.6456311881188118 0.8429339477726574 0.18152227722772277 0.026881720430107527
6 0.11550742574257425 0.43650537634408604 0.10726485148514851 0.07168202764976958
9 0.4207920792079208 0.8454915514592933 0.020631188118811882 0.019201228878648235