4 0.3891779788838612 0.07964605734767026 0.6544720965309201 0.03355286738351255
7 0.8063650075414781 0.08551971326164874 0.05377073906485671 0.023835125448028675
0 0.39120663650075416 0.15219982078853045 0.6688536953242835 0.10505824372759857
3 0.3839969834087481 0.3163306451612903 0.6729185520361991 0.22324820788530467
3 0.37631221719457014 0.5840905017921147 0.6662669683257919 0.3094937275985663
3 0.37190045248868775 0.8112007168458781 0.664396681749623 0.14269713261648745
1 0.6795550527903469 0.8711424731182796 0.04276772247360483 0.020304659498207884
8 0.7639366515837104 0.7510618279569892 0.025693815987933636 0.01782258064516129
8 0.7755580693815989 0.5145519713261649 0.11604072398190046 0.05387992831541219
8 0.7808069381598792 0.4393593189964158 0.03104072398190045 0.018494623655913978
8 0.7902337858220211 0.2162768817204301 0.02924585218702866 0.020076164874551973