7 0.15740277777777778 0.08557457212713937 0.06481944444444444 0.0217359413202934
4 0.5509305555555556 0.08489812550937245 0.5370416666666666 0.025810920945395274
0 0.521986111111111 0.23431132844335778 0.7754583333333334 0.2512876935615322
3 0.5185138888888888 0.6275468622656887 0.7685138888888889 0.5052974735126324
8 0.10879166666666666 0.18133659331703342 0.04629166666666666 0.02308883455582722
8 0.10879166666666666 0.2852485737571312 0.04629166666666666 0.016299918500407497
8 0.10995833333333334 0.4122493887530562 0.04861111111111111 0.020374898125509373
8 0.10995833333333334 0.5154849225753871 0.04861111111111111 0.017660961695191525
8 0.1111111111111111 0.6200733496332519 0.04629166666666666 0.020374898125509373
8 0.10995833333333334 0.7246699266503667 0.04861111111111111 0.02308883455582722
8 0.10879166666666666 0.8278973105134475 0.04629166666666666 0.020374898125509373
1 0.9236111111111112 0.9134718826405868 0.08333333333333333 0.02308883455582722