4 0.5189078014184397 0.07125407166123779 0.4326241134751773 0.028501628664495113
7 0.1784822695035461 0.07464983713355049 0.08273758865248226 0.024429967426710098
0 0.5200992907801418 0.13029315960912052 0.7564964539007093 0.05429153094462541
3 0.5212765957446809 0.23072475570032572 0.5413758865248227 0.06785830618892508
3 0.5319148936170213 0.29451954397394137 0.7423120567375887 0.03528501628664495
3 0.524822695035461 0.38273615635179153 0.775418439716312 0.10043159609120521
3 0.524822695035461 0.4750244299674267 0.775418439716312 0.08414495114006515
3 0.524822695035461 0.5646009771986971 0.7801418439716312 0.10043159609120521
3 0.5165531914893617 0.7200081433224755 0.7635886524822696 0.21308631921824106
1 0.8215177304964538 0.8394381107491856 0.15839716312056737 0.025789902280130294
6 0.26358865248226954 0.35898208469055376 0.08273758865248226 0.052931596091205214