7 0.20882828282828284 0.09745654692931634 0.05639393939393939 0.023296639629200463
4 0.6286363636363637 0.09185979142526073 0.4527474747474748 0.022271147161066047
0 0.6245151515151515 0.21536500579374276 0.6639090909090909 0.2158864426419467
3 0.6289595959595959 0.3451969872537659 0.5841414141414141 0.02298957126303592
3 0.6264747474747475 0.4000521436848204 0.6634040404040404 0.0780417149478563
3 0.6610808080808082 0.46577056778679027 0.5952020202020202 0.039125144843568944
3 0.6278080808080808 0.5491425260718424 0.6594343434343435 0.11943221320973348
3 0.6278686868686869 0.6301738122827347 0.6573333333333333 0.023418308227114718
3 0.6278181818181818 0.6778041714947857 0.6594444444444445 0.058939745075318656
3 0.6322323232323231 0.7232850521436849 0.35354545454545455 0.020237543453070682
12 0.6297979797979798 0.7571089223638471 0.6545353535353535 0.04212050984936269
2 0.6279696969696971 0.8199478563151796 0.661959595959596 0.07372537659327925
1 0.9305151515151515 0.8657068366164542 0.04723232323232323 0.017815758980301275
8 0.22882828282828283 0.758702201622248 0.07786868686868688 0.03321552723059096
8 0.23495959595959598 0.6726187717265354 0.08783838383838383 0.03033603707995365