0 0.5541689008042896 0.12263626834381552 0.6955563002680965 0.046504192872117406
3 0.5548927613941018 0.16511006289308175 0.6970040214477212 0.040854297693920336
3 0.5557975871313673 0.20589098532494757 0.6951943699731904 0.04313417190775681
3 0.5518096514745308 0.27272012578616356 0.6944705093833781 0.06354297693920335
3 0.5525335120643432 0.33785115303983226 0.6959182305630026 0.046572327044025155
3 0.5525335120643432 0.42833333333333334 0.6959182305630026 0.1171069182389937
3 0.5518096514745308 0.5262893081761006 0.6944705093833781 0.07518343815513626
2 0.5481903485254691 0.7000314465408806 0.6872319034852546 0.2216404612159329
1 0.8775067024128687 0.8193553459119497 0.03150134048257373 0.021425576519916143
9 0.2791621983914209 0.8214989517819707 0.026072386058981233 0.017222222222222222
4 0.6139075067024129 0.0740670859538784 0.5760723860589813 0.04847484276729559
7 0.229671581769437 0.07357442348008386 0.04378686327077748 0.027657232704402516